ADVANCED CLUSTERING PIPELINE EXECUTION REPORT
=============================================

Target Optimized Selected K Parameter: 6

    k  inercia_intra_cluster  silhouette_intra_inter  calinski_harabasz_inter_intra  davies_bouldin_intra_inter  rank_silhouette  rank_calinski  rank_davies  rank_promedio
4   6              4605011.0               -0.067076                       3.436036                   11.230911              2.0            4.0          3.0       3.000000
0   2              4628735.5                0.032642                       6.961175                   16.341991              1.0            1.0          8.0       3.333333
2   4              4616856.0               -0.068330                       4.022965                   14.082995              3.0            3.0          6.0       4.000000
1   3              4622763.0               -0.069082                       4.763936                   15.566304              4.0            2.0          7.0       4.333333
3   5              4613011.5               -0.071331                       3.430542                   11.254245              5.0            5.0          4.0       4.666667
7  12              4571913.5               -0.072065                       2.867742                    6.153529              6.0            7.0          1.0       4.666667
5   8              4596194.5               -0.090283                       2.998664                    8.680424              8.0            6.0          2.0       5.333333
6  10              4587198.0               -0.083729                       2.765124                   13.285211              7.0            8.0          5.0       6.666667